26
289
24 10 49
18 1 79
20 17 91
20 4 32
5 12 27
20 3 24
0 1 49
8 2 57
13 7 68
19 15 37
2 1 67
14 16 61
21 17 27
5 17 50
20 10 28
13 21 83
11 10 45
23 24 63
9 12 37
15 4 26
23 11 87
2 13 74
4 0 77
1 6 62
25 4 80
12 10 53
0 24 51
10 20 31
1 23 33
23 5 89
2 3 41
25 0 19
1 13 61
11 12 23
8 9 17
7 24 12
9 7 46
7 12 92
25 5 91
2 4 64
22 12 16
22 19 34
5 7 59
10 22 95
14 8 35
16 3 75
2 4 69
24 15 70
22 12 82
12 15 89
4 9 47
5 11 31
10 3 28
3 0 57
17 15 33
21 1 66
20 21 37
25 23 18
9 20 14
13 14 12
24 9 42
10 0 89
21 22 83
15 16 60
3 21 38
14 15 60
8 9 76
7 23 91
1 15 99
15 20 83
14 15 72
6 7 94
10 11 66
8 10 28
16 12 99
3 2 38
0 12 11
20 9 96
24 25 68
18 14 15
3 0 96
13 14 87
7 10 62
12 9 36
25 19 56
20 8 87
6 5 79
14 17 61
17 25 14
15 24 56
2 13 76
16 0 61
1 13 77
7 18 46
11 8 74
23 16 31
3 20 80
1 14 47
11 17 36
21 22 30
10 2 56
18 2 74
19 20 12
23 0 30
8 13 31
0 21 44
9 16 91
10 18 66
4 5 97
20 3 38
19 10 56
24 10 77
10 19 18
2 11 89
5 3 22
23 13 75
15 11 16
12 15 58
13 25 55
13 10 72
2 17 96
24 25 31
24 15 70
5 2 65
15 3 63
24 9 13
6 12 24
7 1 25
19 10 27
6 13 31
17 16 77
21 22 27
4 24 67
24 9 47
11 20 47
10 13 65
18 6 84
5 25 94
10 9 62
17 8 11
12 13 85
14 19 61
8 23 51
21 17 87
15 23 56
23 24 50
18 23 95
5 13 55
20 3 54
25 15 10
14 3 90
20 1 23
14 24 73
23 9 46
17 5 58
17 1 94
10 8 67
17 14 81
1 14 39
6 20 19
9 14 53
9 19 17
24 16 49
12 5 53
2 12 89
0 17 32
6 2 26
10 20 86
20 1 64
12 10 30
1 17 81
7 23 98
15 11 45
9 13 47
25 7 24
15 6 73
12 20 77
16 24 39
14 21 90
18 19 11
17 23 87
22 3 78
13 18 49
15 24 32
1 2 50
9 17 93
9 5 68
10 5 14
13 6 45
12 7 21
0 8 56
19 23 84
3 11 34
14 1 67
1 0 55
5 20 24
18 1 99
3 10 10
12 6 70
22 5 51
11 16 74
15 17 38
16 2 97
0 7 86
22 11 10
3 8 91
2 20 65
23 18 20
17 24 85
16 17 27
23 5 69
0 22 14
22 12 87
12 3 28
4 19 39
20 13 51
17 24 59
5 6 94
8 23 73
11 8 40
19 9 46
13 14 34
17 2 24
1 2 34
4 22 80
3 24 30
23 24 18
8 25 20
3 21 89
17 4 35
13 15 73
4 16 22
13 1 59
1 25 86
9 10 96
23 16 48
22 10 47
11 17 41
16 3 39
24 11 72
25 22 61
13 12 20
15 4 98
8 1 61
22 12 30
8 6 54
24 8 72
9 22 59
19 18 58
3 4 28
3 21 29
6 25 86
12 23 25
20 6 53
2 13 87
3 19 41
7 8 65
19 23 32
16 22 87
23 0 33
11 6 79
25 18 71
13 7 72
12 23 71
0 20 61
25 14 18
3 14 20
9 10 73
17 18 89
12 20 26
4 17 42
0 15 43
19 25 70
6 15 36
10 11 97
11 12 45
16 2 66
17 3 62
24 3 62
18 6 53
15 8 44
23 12 17
12 25 36
8 22 62
6 0 39
21 18 83
22 23 95
10 19 96
6 9 87
